1
207
1
1711
503
3306
207
2
3307
2
23
1459
1458
2433
Greenup
Carter
Boyd
Carter
Greenup
Boyd
35837
35837
35812
35812
612
612
604
604
600
600
599
599
596
596
587
587
583
583
582
582
578
578
577
577
9955
9955
8968
8968
8841
8841
8840
8840
8839
8839
8838
8838
8836
8836
8835
8835
8834
8834
8833
8833
8566
8566
8508
8508
8507
8507
8505
8505
8171
8171
7303
7303
2698
2698
2695
2695
2692
2692
2688
2688
2687
2687
2686
2686
2684
2684
2681
2681
2680
2680
2679
2679
2678
2678
2676
2676
2675
2675
2674
2674
2673
2673
2672
2672
2671
2671
2670
2670
2669
2669
2664
2664
2663
2663
2656
2656
2654
2654
2653
2653
2652
2652
2651
2651
2650
2650
2649
2649
2648
2648
1310
1310
1309
1309
1299
1299
1293
1293
1291
1291
1278
1278
1273
1273
1272
1272
1263
1263
1262
1262
1200
1200
60156
60156
59906
59906
59897
59897
59508
59508
59326
59326
59108
59108
58918
58918
58871
58871
58776
58776
58771
58771
58760
58760
58493
58493
57840
57840
57385
57385
56875
56875
56793
56793
56753
56753
56525
56525
55854
55854
55665
55665
54983
54983
54393
54393
53645
53645
53522
53522
53503
53503
53256
53256
53248
53248
52889
52889
52493
52493
52437
52437
52294
52294
52267
52267
52264
52264
52262
52262
51888
51888
51513
51513
51368
51368
51241
51241
51097
51097
51004
51004
50955
50955
50941
50941
50914
50914
50754
50754
50669
50669
50456
50456
50094
50094
49817
49817
49203
49203
49053
49053
48990
48990
48946
48946
48778
48778
48485
48485
46874
46874
46873
46873
46647
46647
46300
46300
46250
46250
46249
46249
42603
42603
12755
12755
12676
12676
12675
12675
12603
12603
12588
12588
12177
12177
11935
11935
11586
11586
10829
10829
10543
10543
10294
10294
39861
39861
39798
39798
39196
39196
39052
39052
38976
38976
38458
38458
37839
37839
37827
37827
37693
37693
36422
36422
36244
36244
35839
35839
35838
35838
35836
35836
35829
35829
35828
35828
35827
35827
35826
35826
35811
35811
35810
35810
35797
35797
35796
35796
35724
35724
35705
35705
35704
35704
35678
35678
35636
35636
35633
35633
35597
35597
35391
35391
35365
35365
35360
35360
35356
35356
35324
35324
35270
35270
35185
35185
35018
35018
35008
35008
34981
34981
34962
34962
32224
32224
32067
32067
29955
29955
29954
29954
29946
29946
29243
29243
29242
29242
29240
29240
29237
29237
29236
29236
29235
29235
29234
29234
29233
29233
29232
29232
29231
29231
29228
29228
29225
29225
29224
29224
27347
27347
27346
27346
27345
27345
27344
27344
27343
27343
27342
27342
27339
27339
27337
27337
27336
27336
27335
27335
27333
27333
27331
27331
27330
27330
27328
27328
27327
27327
26983
26983
26982
26982
26981
26981
26979
26979
26976
26976
26975
26975
26974
26974
26973
26973
26972
26972
26971
26971
26970
26970
26967
26967
26966
26966
26965
26965
26157
26157
26156
26156
26155
26155
26154
26154
26153
26153
24709
24709
24708
24708
24707
24707
24706
24706
24705
24705
24703
24703
24654
24654
24653
24653
24528
24528
24527
24527
24526
24526
24525
24525
23979
23979
18428
18428
18252
18252
17487
17487
17240
17240
17236
17236
17231
17231
17226
17226
16581
16581
16578
16578
16377
16377
16376
16376
16375
16375
16373
16373
16369
16369
16368
16368
16360
16360
16191
16191
16051
16051
15910
15910
14967
14967
14582
14582
14243
14243
13798
13798
13717
13717
13597
13597
13225
13225
13159
13159
12802
12802
12800
12800
60865
60865
0
2.5
2.5
5
1.25
1.25
Miles
Miles
Legend
Intake
Potential Contaminant Source
Powerline
Railroads
State Roads
Local Roads
Critical Zone
Zone of Responsibility
Zone of Potential Impact
Greenup Water Intake
SWAPP Protection Area
WW 0715
WW 0715
OHIO
OHIO
